<?xml version="1.0"?>
<opencv_storage>
<calibration_time>"mar. 18 juil. 2017 17:45:18 JST"</calibration_time>
<nr_of_frames>25</nr_of_frames>
<image_width>856</image_width>
<image_height>480</image_height>
<board_width>9</board_width>
<board_height>6</board_height>
<square_size>2.6500000000000000e+01</square_size>
<fix_aspect_ratio>1.</fix_aspect_ratio>
<!-- flags: +fix_aspectRatio +fix_principal_point +zero_tangent_dist +fix_k4 +fix_k5 -->
<flags>6158</flags>
<fisheye_model>0</fisheye_model>
<camera_matrix type_id="opencv-matrix">
  <rows>3</rows>
  <cols>3</cols>
  <dt>d</dt>
  <data>
    4.9476226512489836e+02 0. 428. 0. 4.9476226512489836e+02 240. 0. 0.
    1.</data></camera_matrix>
<distortion_coefficients type_id="opencv-matrix">
  <rows>5</rows>
  <cols>1</cols>
  <dt>d</dt>
  <data>
    1.2239294767439805e-01 -5.0413822765074201e-01 0. 0.
    5.7134581322209066e-01</data></distortion_coefficients>
<avg_reprojection_error>2.5357602083362041e+00</avg_reprojection_error>
<per_view_reprojection_errors type_id="opencv-matrix">
  <rows>25</rows>
  <cols>1</cols>
  <dt>f</dt>
  <data>
    4.33009893e-01 2.38895714e-01 4.82076675e-01 6.89083695e-01
    5.34208298e-01 4.96672094e-01 5.01011193e-01 8.70555222e-01
    4.89872873e-01 7.48906970e-01 4.11711276e-01 5.08513927e-01
    6.18965435e+00 2.63856232e-01 5.08216143e-01 5.39718676e+00
    3.86966616e-01 3.87341708e-01 1.62064159e+00 6.06842160e-01
    5.29211223e-01 6.19501829e+00 2.74068624e-01 6.83886862e+00
    6.80370271e-01</data></per_view_reprojection_errors>
<!-- a set of 6-tuples (rotation vector + translation vector) for each view -->
<extrinsic_parameters type_id="opencv-matrix">
  <rows>25</rows>
  <cols>6</cols>
  <dt>d</dt>
  <data>
    2.7284421274345916e-01 1.0451436951995767e-01 4.5640495254063447e-02
    -1.3569483880100691e+02 -3.8634128308664266e+00
    4.1558432703073152e+02 -6.9700318493838551e-02
    3.7191023152388647e-01 -1.0777680528921807e+00
    -8.3849630316250256e+01 3.6178352312396505e+01
    6.6423163388786543e+02 2.5169737266062508e-01
    -1.7597248197802690e-01 7.0843561481353833e-03
    -2.1816159211008480e+02 -6.4729970369071253e+01
    3.7218714028375604e+02 2.5319966908269764e-01
    -1.9312871162673975e-01 -7.0594821247799613e-03
    -1.3245632108008081e+01 -4.3398807706121161e+01
    2.9639106774886005e+02 2.4451970421894884e-01 6.7201658784676110e-01
    9.9671160824923374e-02 -3.8686361572936619e+01
    -9.6558455846769064e+01 3.6015448297820575e+02
    2.6952682886843793e-01 1.3465338078857925e-01 2.5428962650712872e-02
    9.0438776802712667e+01 -5.7324906577102075e+00
    4.5508458225417280e+02 2.6246584238573678e-01 5.6751865444869654e-02
    1.9300591374247226e-02 6.4957538258306144e+01
    -2.0050651090247044e+01 4.1740079725448669e+02
    2.4336190669160412e-01 1.5907549770777774e-01 5.5526789004321175e-02
    -2.2422028830224983e+02 -9.9658768092584651e+01
    3.2462802511437917e+02 2.3538361851492398e-01
    -4.2534654968894714e-01 -3.0898516582473688e-02
    -1.0597613423654626e+02 -6.6771184710673552e+01
    2.6575033904207055e+02 2.5928235646416004e-01
    -2.1738412314464742e-01 8.3341746729127114e-03
    -2.7080600345846187e+02 -1.0520821434715454e+02
    3.9706114999272063e+02 2.7637777961070253e-01 7.0612911155892313e-02
    2.0595186179309732e-02 5.2558935786617084e+01 2.7945641210293562e+01
    5.2081617486067637e+02 2.7510980016919595e-01 1.1847341381684005e-01
    3.2347671866998766e-02 -1.3994869380525243e+01
    -6.3302821158939842e+01 4.7947334578124691e+02
    -7.1954409439044609e-01 -5.4480087078328791e-02
    -1.1019726026412957e+00 -2.7791158998612633e+02
    -2.5080211405459139e+02 1.0589001850364341e+03
    2.6758829508225018e-01 -2.8569077359666628e-01
    -1.3156810051789262e-02 -1.1713991194793091e+02
    -9.7952312493360267e+00 4.5940871235413772e+02
    2.6147784125425000e-01 -2.1556179055569147e-01
    -2.2885738137058123e-03 -1.1078532786113234e+02
    -6.1855390133668465e+01 3.7518282159356221e+02
    -2.5560881816811643e-01 -5.9629220445835063e-01
    -2.1024865390369060e-01 -8.0388453539894294e+02
    -5.5050265761576327e+02 1.2998409634366888e+03
    2.7718122837976777e-01 1.4530634850154350e-01 4.7365531225306158e-02
    -9.0038015920306265e+01 -8.7881771569448262e+00
    4.4616964885721808e+02 2.2560302292225035e-01
    -8.1254596403729429e-01 -7.2541167718795846e-02
    -1.3985258827880986e+02 -4.8504134236051080e+01
    2.3913336953080449e+02 -5.0917218912466866e-02
    3.3012720665642159e-01 -1.4490334754291008e+00
    3.6060095408933637e+02 -4.6643312635474253e+01
    7.5549914973552904e+02 2.4430805631035479e-01
    -3.6548454332080610e-01 -2.0367007717598751e-02
    -1.2723269377076033e+02 -8.2979074339415618e+01
    2.5483730019554139e+02 2.5834352965410962e-01
    -3.3107131316984409e-02 1.3176400448446590e-02
    7.4279016673856217e+00 -5.8924509027844785e+01
    3.9392959633748279e+02 -5.1332169350547840e-01
    -9.1054887096781956e-01 -4.2616210886779449e-01
    -9.0879862830672050e+02 3.6321936915908896e+02
    1.2547765948181479e+03 2.2571754996585175e-01
    -5.3701304025083307e-01 -5.0150391613424203e-02
    -1.1285881075512457e+02 -5.0204532723330459e+01
    3.3713062084979487e+02 4.7711846398990043e-01 4.4699280608408648e-01
    -5.2988491635851558e-02 3.9025616131985328e+02
    1.0477513092153076e+02 1.2150448056458004e+03 2.5399664361628993e-01
    1.5567138047911225e-01 3.4762524784038872e-02 6.1162997806744201e+01
    -1.6240153437639773e+02 4.6073772539615459e+02</data></extrinsic_parameters>
